30
111
141
51
82
49
17
32
34
25
23
108
67
12
31
21
22
21
24
19
12
40
27
386
11
16
12
279
246
81
11
57
65
38
11
18
28
32
52
299
14
85
31
76
49
38
86
38
26
47
61
24
23
15
17
35
27
26
27
51
14
26
34
54
22
11
30
32
15
20
13
44
67
18
23
15
279
43
19
25
17
30
28
31
15
164
85
91
37
24
24
46
73
216
79
28
87
25
19
69
36
11
70
68
49
12
29
322
65
120
16
54
11
46
397
15
17
367
269
17
46
55
134
35
66
53
102
24
19
58
73
83
29
43
48
15
18
48
73
24
72
24
52
93
17
71
154
137
38
47
16
15
16
41
17
25
22
29
20
58
24
71
30
47
72
22
71
67
33
76
67
105
16
38
68
53
52
21
41
84
147
85
42
70
12
23
32
108
17
18
105
17
101
58
24
21
22
48
11
18
19
121
16
388
14
101
72
76
45
32
55
235
77
79
186
47
43
11
53
75
133
76
19
15
14
22
565
83
86
67
12
123
37
22
418
70
12
32
81
565
25
23
94
24
39
159
15
189
12
28
20
64
27
25
45
29
42
135
26
72
29
13
20
87
13
61
11
57
21
11
28
12
16
105
14
13
27
48
115
453
35
42
11
17
50
84
51
70
109
16
38
68
210
15
40
27
35
13
42
386
33
18
99
28
20
565
120
31
12
13
16
26
32
20
151
15
279
92
20
32
16
76
25
30
53
626
24
19
11
24
41
11
30
32
24
17
27
17
28
26
24
21
62
20
22
17
28
14
76
11
14
33
60
49
19
100
130
45
17
86
206
20
171
14
23
376
389
22
27
49
23
39
89
54
32
72
211
317
368
22
17
328
38
62
20
23
28
57
138
76
81
20
104
35
18
31
516
33
20
20
38
11
152
66
18
18
196
146
43
66
57
235
200
142
200
183
18
105
99
19
124
199
93
18
31
13
39
182
162
18
25
199
124
18
86
18
25
46
832
118
52
40
173
75
832
38
36
32
27
53
31
110
49
29
283
18
18
127
187
342
124
199
228
18
43
83
45
263
216
14
18
167
117
17
14
187
18
40
18
304
21
275
88
18
96
63
143
48
18
832
124
12
190
111
105
33
124
69
41
58
72
18
71
12
11
18
176
18
65
129
400
192
28
182
88
264
32
18
103
12
157
311
18
184
18
175
315
167
312
134
15
29
18
69
164
18
18
18
59
47
23
33
140
48
11
66
23
34
1181
59
114
117
151
162
87
125
36
12
19
18
35
168
49
154
116
18
11
44
313
70
27
26
183
325
605
72
148
22
294
29
12
42
197
149
281
99
145
174
440
319
204
137
295
480
27
155
34
161
18
133
90
208
43
130
112
83
18
14
17
112
737
23
25
18
43
37
24
137
123
109
26
39
47
150
45
45
57
46
20
173
39
21
54
162
134
97
31
21
274
181
18
132
27
579
18
132
63
18
26
27
165
78
18
48
15
90
18
29
61
37
51
98
56
23
49
81
39
84
61
60
69
26
19
44
19
91
17
24
29
94
47
55
22
98
26
121
60
22
40
21
42
21
52
33
25
33
122
37
39
20
22
62
41
25
49
37
52
66
75
17
28
30
13
34
153
15
65
72
75
11
96
14
34
45
51
11
24
28
33
651
137
40
29
102
15
123
81
83
185
32
26
27
17
49
20
151
18
18
41
34
25
32
27
83
46
68
69
26
19
72
224
79
29
79
108
271
38
30
164
27
41
412
134
41
18
29
44
18
348
25
41
83
34
22
78
102
56
33
20
255
67
76
110
28
31
251
60
15
134
37
88
72
25
53
14
46
238
28
36
95
113
32
42
70
23
66
39
13
13
182
180
24
35
53
11
54
45
41
42
20
32
27
35
30
13
143
28
82
23
14
16
88
39
92
49
50
64
27
113
219
26
127
31
31
111
27
41
43
14
29
14
19
37
16
69
24
42
18
16
28
11
59
66
139
28
59
139
40
218
14
91
12
25
64
64
18
29
14
100
48
12
53
125
17
63
127
66
31
29
70
12
228
39
130
13
102
19
44
15
42
135
54
22
108
59
183
131
12
444
22
13
62
35
42
11
141
17
17
68
17
100
21
89
52
27
44
192
96
367
18
192
435
23
23
14
39
167
107
21
13
12
60
41
172
72
89
55
21
70
54
51
25
15
35
40
11
50
28
16
20
116
56
169
47
133
95
54
113
12
89
37
38
29
14
27
22
22
58
141
12
137
53
13
19
37
34
51
14
99
77
20
22
135
16
11
2150
25
46
42
48
244
27
477
102
46
12
19
119
46
16
96
129
100
35
64
15
119
11
41
32
65
22
21
152
152
42
15
28
15
49
25
37
94
15
237
105
23
20
21
96
32
12
25
16
18
440
27
108
48
20
102
58
133
11
139
256
141
45
63
74
11
11
1505
23
199
284
150
141
38
15
30
40
52
12
84
64
27
33
61
75
95
42
23
100
96
11
51
56
57
68
19
30
34
32
35
128
183
195
129
91
11
451
61
17
50
132
14
56
44
67
71
101
12
15
67
607
51
125
83
22
12
54
33
34
44
30
232
447
58
20
15
29
21
20
67
31
12
19
308
28
150
13
69
29
154
14
83
81
19
13
27
22
54
52
21
83
50
20
37
69
42
43
24
217
36
56
34
15
25
78
15
127
13
14
14
147
113
459
31
145
79
118
14
54
310
97
79
92
48
16
67
47
17
31
28
11
59
12
14
65
77
33
12
45
16
136
46
56
37
95
27
45
84
53
21
121
144
13
25
25
20
48
206
14
46
23
47
34
32
24
101
12
21
28
96
12
37
447
29
13
28
56
12
12
78
82
18
138
85
172
133
98
42
34
35
16
62
44
54
25
12
107
26
31
329
15
34
107
31
13
16
13
40
12
266
43
219
31
53
151
12
175
75
22
24
64
23
26
11
94
92
27
51
348
359
35
68
26
101
175
67
27
13
123
139
15
75
29
31
29
73
81
232
14
95
42
20
65
225
212
67
42
192
33
51
45
18
30
13
17
90
95
43
33
31
54
38
75
17
29
66
23
138
76
48
22
37
35
121
47
29
31
179
20
200
25
46
84
37
77
94
71
82
226
12
81
11
95
40
29
193
23
20
115
195
96
68
40
37
348
24
304
55
49
45
20
40
66
165
156
15
62
67
34
42
15
11
18
33
27
67
16
71
28
33
284
78
41
46
34
37
52
13
75
196
74
354
163
41
88
35
32
481
29
75
46
100
161
63
15
58
20
73
154
28
325
29
33
16
112
23
72
24
60
39
44
157
52
262
12
28
25
372
14
165
14
16
20
34
75
13
28
551
34
14
26
22
12
38
47
676
72
17
45
17
35
195
95
65
23
18
150
50
35
22
23
33
30
55
202
56
198
13
73
14
42
67
47
13
53
67
134
18
101
12
86
21
196
12
113
355
44
28
76
134
20
136
33
28
23
64
13
106
31
122
43
27
30
74
15
96
280
28
27
22
48
12
11
153
37
21
74
15
27
30
36
12
43
23
16
14
48
302
52
13
13
49
84
16
13
61
11
21
19
29
13
40
37
84
26
64
132
32
14
159
29
53
56
58
18
12
16
32
82
45
173
21
35
57
19
11
27
14
54
56
20
17
25
21
76
125
56
18
153
19
154
23
804
51
36
18
38
21
19
85
17
14
138
38
290
11
181
139
500
18
1029
17
49
136
69
34
213
91
768
56
128
20
533
17
116
277
54
111
11
462
19
92
86
22
96
54
67
70
11
99
23
39
449
12
80
179
12
100
109
11
113
127
4569
38
11
273
324
281
38
21
305
496
196
35
17
12
11
92
14
4519
40
137
14
84
50
231
50
28
95
32
54
87
452
142
67
247
88
12
164
130
11
65
155
491
112
832
26
462
36
177
41
84
32
164
331
537
608
48
60
62
21
459
11
154
232
44
22
177
627
58
4503
22
13
11
115
488
31
192
60
33
4464
138
1034
54
302
41
11
81
43
170
273
71
34
842
98
19
38
4651
106
11
15
174
4377
403
17
983
138
38
89
181
143
142
427
219
58
15
121
88
16
89
101
81
127
18
498
427
69
297
44
138
17
76
33
21
166
14
195
16
20
229
14
18
128
304
832
46
167
12
101
33
917
49
59
17
14
87
20
85
14
30
58
11
154
335
70
34
457
24
63
192
373
867
190
24
395
80
239
4565
12
34
12
23
62
28
25
36
387
35
312
19
88
578
572
127
82
20
236
85
343
132
53
12
11
28
30
48
326
89
92
147
337
23
119
29
11
83
90
53
40
16
165
54
284
33
19
171
181
24
151
418
13
22
83
181
240
104
50
315
255
12
72
42
164
17
137
41
120
68
397
44
58
55
64
44
105
58
27
13
330
73
46
12
81
88
33
15
295
465
29
58
11
52
83
76
475
134
363
35
357
113
24
305
18
48
4155
315
18
25
278
79
40
181
19
65
73
45
141
19
22
36
57
12
22
175
29
4389
101
15
54
29
40
161
151
13
86
41
38
409
12
94
12
15
165
32
18
11
29
212
34
18
16
15
706
19
293
12
119
13
29
37
122
185
39
205
63
4635
81
69
11
15
39
52
74
47
34
11
168
13
34
26
39
39
58
75
89
160
116
36
38
17
26
52
42
28
406
33
61
51
14
42
23
17
94
225
25
77
22
43
13
26
20
27
70
37
15
161
229
57
34
136
466
41
32
31
11
28
56
41
84
39
157
16
13
212
104
38
15
250
26
12
94
54
33
295
150
24
195
38
152
12
42
86
37
138
96
95
32
24
20
13
11
11
222
17
644
79
84
22
32
33
11
95
37
11
15
41
42
34
11
65
42
16
17
14
17
35
16
28
28
84
156
19
88
78
18
58
16
103
79
11
34
41
126
168
135
86
172
100
167
34
27
1043
61
17
22
155
55
12
22
14
37
43
72
20
134
52
32
18
618
81
148
107
34
92
13
29
48
13
86
18
11
14
105
24
48
41
12
11
40
36
25
17
74
72
60
25
70
107
34
43
24
18
87
56
221
36
31
80
42
21
19
31
19
42
127
19
14
107
39
88
32
38
69
132
13
87
54
18
60
111
15
31
14
20
17
208
36
25
11
34
56
19
45
23
59
19
11
44
99
101
64
54
33
1887
16
17
22
23
42
42
36
137
33
20
223
43
30
102
50
97
158
30
32
94
32
42
12
38
15
219
43
13
105
22
38
49
14
12
39
14
30
56
56
43
15
28
38
35
86
31
16
46
34
62
101
24
17
27
56
69
24
50
13
17
27
40
18
17
32
14
85
22
63
20
14
16
19
107
83
33
13
12
16
16
15
32
20
53
47
90
164
13
28
88
29
50
17
57
16
34
14
20
181
12
64
22
18
19
52
2867
12
58
181
35
35
15
72
183
25
20
31
326
17
71
22
30
15
11
12
65
26
90
60
14
479
21
72
65
485
40
22
38
363
35
132
22
236
33
42
131
20
177
106
74
207
14
27
29
27
33
91
87
22
17
20
43
33
30
109
69
16
13
202
241
14
45
25
12
57
42
22
15
115
62
37
12
19
77
243
212
35
12
299
11
14
11
12
14
11
12
17
62
15
21
74
22
26
11
16
57
133
47
90
70
13
98
44
12
12
11
176
12
211
215
11
43
63
41
150
129
18
357
19
73
53
121
50
103
14
38
14
14
148
77
14
618
103
609
27
101
14
137
14
487
13
698
108
36
71
14
101
71
64
14
470
66
122
597
17
39
571
106
259
193
11
82
22
14
153
102
14
134
39
69
79
20
139
18
135
103
13
49
13
14
43
120
545
25
486
14
105
531
13
103
245
101
101
49
63
67
13
14
276
113
101
13
768
30
578
14
334
755
14
14
31
175
14
32
101
132
593
174
13
13
564
14
56
14
13
46
118
101
51
330
101
579
17
604
14
101
281
105
134
534
49
14
39
14
173
36
14
27
64
14
103
105
14
14
340
14
584
730
54
101
15
239
121
14
16
144
13
13
225
134
65
12
29
122
103
20
13
357
105
31
70
39
534
14
71
14
14
87
14
41
45
64
14
17
33
61
14
112
13
29
50
45
570
12
88
101
158
22
13
58
103
14
530
153
11
707
14
34
15
19
138
151
31
55
185
11
62
55
24
21
300
13
26
12
141
43
11
23
363
43
129
177
171
64
13
19
29
29
11
27
11
79
42
53
13
73
318
25
48
67
14
53
51
36
13
15
71
52
14
102
304
73
15
13
11
24
134
11
44
15
14
43
40
51
102
206
176
13
15
71
35
35
39
12
346
36
162
45
26
53
89
87
22
116
39
85
14
11
19
16
25
18
22
11
112
139
82
37
51
11
49
40
89
122
19
23
113
140
164
545
29
125
115
29
135
23
160
45
26
14
71
72
33
47
15
33
162
99
20
18
42
20
22
60
100
205
276
17
234
254
44
113
118
145
218
40
1482
607
290
56
38
18
42
32
71
26
120
105
52
67
64
49
168
42
42
88
131
181
29
36
45
21
147
581
14
124
70
88
103
91
45
25
61
34
81
1658
566
169
25
55
24
22
193
28
76
372
120
18
23
11
65
25
50
83
638
84
27
103
14
29
647
21
234
177
12
64
112
34
50
24
84
11
55
25
12
41
75
78
71
47
352
145
38
26
40
114
32
20
209
68
305
16
38
59
35
328
208
17
331
41
18
16
11
277
39
18
424
13
22
15
110
397
46
11
72
25
21
78
88
60
34
372
112
17
217
58
206
39
31
19
20
71
581
17
30
1397
13
264
13
20
77
25
33
840
46
23
209
12
133
196
191
34
137
129
132
321
14
25
76
14
51
39
21
21
95
56
27
27
46
45
170
40
77
25
67
180
29
26
16
14
38
35
77
61
147
35
20
111
61
20
31
108
123
16
21
34
40
20
72
30
123
19
32
37
50
30
27
37
34
190
44
57
37
23
248
42
31
53
39
22
106
40
57
13
82
22
63
119
37
73
27
36
12
26
27
29
28
20
58
101
16
50
24
38
96
25
176
19
200
16
11
68
26
68
14
72
56
47
73
49
55
51
20
47
111
29
59
42
61
14
16
103
24
13
27
30
19
12
71
27
46
22
40
42
63
48
42
115
11
118
14
36
19
29
28
108
68
104
11
19
47
16
12
37
16
59
46
111
38
20
66
21
52
12
32
50
73
18
24
26
35
401
24
37
25
20
60
93
19
109
37
20
29
33
25
38
23
25
26
99
38
29
135
164
30
17
15
35
251
27
49
51
24
11
85
70
14
51
106
17
72
85
28
33
65
18
88
11
33
248
55
68
31
107
33
35
20
16
32
34
96
59
13
30
32
17
33
129
249
43
28
16
38
24
11
29
64
13
42
28
34
122
83
44
24
30
46
19
72
14
43
26
43
256
21
75
11
16
86
21
14
112
56
32
19
26
36
32
210
14
41
13
23
29
52
39
18
12
171
69
256
15
16
115
715
244
12
72
20
153
118
294
57
118
146
34
95
42
25
32
88
42
25
24
185
62
77
203
53
16
22
26
93
14
40
13
39
38
65
11
11
123
77
18
65
63
53
33
36
29
32
60
127
14
12
95
14
11
32
25
15
14
17
30
26
32
13
26
32
34
98
13
23
21
24
25
36
204
16
12
18
23
11
46
20
52
157
47
104
29
22
45
46
13
90
52
34
139
85
19
39
348
66
25
121
28
174
13
438
27
12
24
47
29
23
14
136
22
33
57
11
16
37
29
19
120
840
20
14
12
21
65
16
189
11
32
17
15
24
124
43
17
45
21
207
50
42
11
187
130
36
71
20
54
37
143
14
135
17
28
13
132
69
24
74
108
13
54
13
27
100
29
17
40
11
68
14
65
50
11
22
26
33
14
18
29
49
48
17
103
17
12
14
34
47
22
15
190
56
33
18
14
11
14
17
32
54
16
91
40
15
16
20
52
62
26
406
19
14
40
98
12
47
33
348
128
12
184
21
144
43
29
118
210
17
79
53
318
13
29
27
17
108
39
60
14
109
25
36
11
60
31
139
23
47
15
45
26
41
12
203
14
11
146
16
13
22
63
40
12
14
27
27
102
29
158
22
30
14
1749
135
21
17
891
19
24
20
13
27
163
13
12
53
18
17
59
69
26
136
11
25
188
13
17
23
24
13
148
13
48
25
369
21
60
17
14
84
160
11
91
16
26
22
27
62
19
17
14
11
52
25
16
24
13
11
11
38
42
52
36
46
50
66
83
93
30
101
71
38
16
56
34
34
46
45
17
35
14
28
17
42
15
19
25
12
98
29
19
110
33
13
13
63
18
51
13
18
175
52
11
32
23
35
42
26
18
28
92
17
26
255
38
58
11
24
14
11
232
30
32
53
188
23
76
25
18
17
32
153
44
20
18
63
13
13
18
16
33
12
17
101
75
16
138
31
18
19
45
34
13
11
30
69
17
13
30
32
27
58
18
11
12
115
40
17
16
387
12
11
34
21
49
69
25
12
60
72
17
58
1657
15
29
30
17
28
26
117
24
80
171
29
77
15
106
119
13
44
36
15
98
29
35
17
18
65
25
26
1538
37
31
277
42
12
26
11
17
41
79
46
38
32
46
18
79
106
65
253
15
14
147
16
54
19
18
19
64
23
91
309
57
48
64
1646
13
100
26
35
19
27
164
96
43
26
60
11
38
50
46
13
54
53
197
25
192
19
72
18
13
17
27
38
13
41
67
47
23
16
14
16
11
14
88
51
19
31
13
41
18
27
40
56
28
18
26
20
16
161
16
14
46
29
26
13
13
34
38
58
347
12
90
11
18
15
19
14
55
34
11
34
18
25
11
49
46
32
30
115
22
24
12
109
67
12
1021
18
1029
13
113
1313
243
1382
17
156
631
200
216
31
30
1310
15
110
144
23
225
66
51
169
20
78
175
140
259
35
303
21
70
295
28
85
1418
41
79
38
71
111
16
32
12
38
192
15
21
117
14
46
16
14
143
12
16
12
23
17
87
14
245
46
140
12
46
20
12
17
27
132
32
96
41
30
58
45
44
53
56
102
56
82
