137
77
157
156
176
46
92
50
84
39
93
322
193
32
126
395
59
61
140
129
60
27
400
331
41
137
82
108
62
112
90
488
58
51
189
111
54
167
142
107
81
100
105
25
310
85
79
99
43
227
186
76
27
492
48
59
73
246
292
146
105
99
50
35
32
149
62
84
292
128
72
47
91
36
81
172
89
187
48
162
92
139
104
127
111
315
63
87
72
253
27
77
223
83
108
43
95
85
60
300
82
30
58
131
143
150
71
29
77
51
59
35
158
126
106
55
106
116
53
118
153
93
79
113
69
210
50
105
266
87
93
162
131
124
85
86
208
165
174
64
250
128
71
127
145
75
58
152
51
55
242
119
39
36
29
123
173
90
68
182
165
107
181
39
59
107
78
86
58
152
248
102
105
77
337
57
40
29
67
105
148
183
411
80
212
162
226
38
26
514
40
172
94
302
308
83
204
198
51
98
457
159
165
351
42
136
218
49
37
116
39
256
37
58
25
27
36
30
54
258
36
234
42
43
143
86
88
94
57
283
206
635
207
60
54
70
96
37
127
275
63
181
70
29
226
116
47
136
48
44
144
276
182
43
53
216
80
111
32
78
189
239
97
395
65
26
124
95
240
200
34
239
367
140
101
116
92
46
54
60
268
70
98
133
90
132
58
194
72
63
143
312
129
146
459
72
43
113
42
44
106
303
38
116
70
65
42
83
97
84
276
46
114
125
193
215
120
65
57
161
211
25
49
103
352
67
97
114
32
162
322
211
70
231
43
376
107
73
69
74
115
147
268
133
93
159
114
49
26
35
116
117
272
90
105
127
79
38
118
129
33
92
291
118
189
76
77
48
107
88
94
66
131
129
94
71
153
171
123
104
34
108
127
106
74
94
34
251
297
306
84
79
170
37
237
114
150
171
169
90
350
140
32
131
183
171
230
102
164
38
198
368
94
114
152
67
168
136
35
35
46
260
37
150
46
61
151
80
146
144
145
121
34
187
94
327
53
62
110
61
62
94
242
236
55
346
34
25
220
85
156
30
186
69
171
34
273
245
37
31
56
392
80
42
135
152
102
113
153
146
181
77
71
106
119
26
69
77
97
578
339
286
45
52
218
150
173
199
38
121
29
241
173
164
280
40
154
83
61
204
193
66
145
50
240
76
149
218
104
101
64
147
98
45
42
266
80
90
105
111
84
162
25
62
28
166
66
167
174
159
159
202
118
189
168
27
36
97
148
156
58
350
55
105
158
95
33
145
148
102
36
80
374
204
140
283
420
85
116
203
335
106
139
98
88
281
55
80
274
32
192
113
105
52
193
43
197
98
48
275
159
89
70
75
155
160
41
50
45
159
150
95
244
69
324
79
194
222
66
136
230
82
65
111
79
193
96
134
28
115
100
165
67
113
125
58
57
308
199
391
93
119
106
65
152
179
71
63
242
177
155
174
51
137
97
51
114
197
128
140
82
202
71
113
230
77
101
62
53
61
176
58
160
29
215
140
100
58
40
99
79
283
60
48
345
163
206
142
139
298
165
68
297
264
102
109
39
45
558
53
88
62
213
90
301
267
167
181
37
82
68
41
62
75
83
330
149
170
319
223
25
38
76
73
119
194
86
40
95
258
72
31
29
147
25
68
150
32
105
145
256
261
128
311
92
37
95
25
68
27
45
38
167
68
171
104
34
164
192
252
110
81
44
245
98
67
149
120
133
115
99
105
109
80
244
229
161
109
235
30
77
115
96
90
81
100
179
166
233
31
157
79
31
52
233
88
96
191
129
103
121
189
76
274
127
28
87
86
96
50
207
204
54
94
31
51
32
49
38
115
145
37
257
296
300
215
30
40
92
517
97
331
85
192
39
53
90
51
45
75
114
144
85
75
236
36
84
121
87
42
79
163
58
39
341
69
330
221
71
34
90
212
37
54
186
80
263
177
107
204
43
36
127
132
243
174
36
185
92
66
315
205
40
110
81
69
69
237
204
51
132
77
52
56
422
230
89
152
205
301
356
27
98
179
60
55
50
64
35
523
53
306
210
125
61
427
344
68
91
216
134
188
80
153
51
35
57
365
151
146
130
99
173
172
38
170
164
109
120
51
39
129
48
143
106
349
154
61
37
573
194
91
219
100
81
136
234
119
245
249
65
166
79
88
53
212
52
29
40
142
81
93
27
54
98
113
232
119
215
143
120
129
132
120
82
180
43
114
236
358
222
107
266
173
159
50
155
114
239
402
156
37
60
386
280
81
59
280
110
111
485
92
32
207
109
139
102
380
179
119
97
314
100
108
129
100
304
239
99
231
144
167
152
163
139
28
82
98
169
76
46
129
190
160
132
90
167
226
47
163
94
109
81
110
40
43
603
39
378
120
30
67
162
209
112
291
303
96
61
273
134
106
99
134
386
308
113
67
104
131
191
74
87
31
52
68
137
297
62
70
97
91
169
31
35
159
54
256
80
221
45
122
42
62
222
531
245
122
57
139
95
85
66
31
92
345
40
112
135
63
164
265
50
52
241
119
230
89
215
25
77
70
58
80
131
121
149
41
146
350
338
164
130
145
132
156
178
252
109
129
99
105
214
153
187
128
126
147
186
57
217
106
314
47
151
156
46
187
244
461
28
119
87
216
33
46
291
55
245
47
26
151
244
160
128
199
75
208
73
179
126
45
77
237
134
25
250
125
178
73
221
234
140
234
93
202
61
111
147
166
71
87
97
133
271
38
644
103
34
104
165
185
233
40
106
211
265
71
245
88
197
131
129
80
81
132
42
54
195
50
219
218
58
28
112
87
43
104
167
180
36
26
110
326
140
184
119
140
40
134
330
135
158
188
93
364
28
112
82
81
182
385
31
51
54
145
442
28
335
186
290
188
99
308
28
270
179
181
57
58
160
184
203
74
46
41
247
58
293
32
34
239
263
137
59
111
109
253
244
56
91
166
196
234
373
138
108
26
122
66
65
248
211
608
92
139
64
107
237
57
113
115
83
118
61
348
28
92
184
146
56
51
229
42
94
249
340
207
27
56
294
233
184
67
188
230
146
44
227
130
208
178
45
35
77
40
73
149
105
188
63
165
80
44
28
60
28
139
205
154
113
66
57
215
77
96
153
63
251
134
65
226
39
76
33
159
86
335
316
113
63
234
243
218
258
61
49
158
58
201
53
181
68
124
137
346
218
34
189
86
213
82
168
170
75
168
55
315
29
59
140
172
152
197
301
28
168
98
163
97
149
364
75
31
286
194
394
230
33
41
61
226
91
130
48
63
37
259
138
274
488
57
117
46
342
92
65
62
103
179
64
26
34
143
98
46
75
237
50
67
168
131
164
45
65
71
172
85
154
259
225
76
117
297
145
58
160
65
87
34
29
155
256
58
115
42
310
157
130
99
240
87
105
72
274
168
153
29
356
71
114
225
268
51
121
218
171
77
367
93
133
78
30
60
62
90
282
400
235
194
159
51
118
137
208
351
167
38
165
153
110
191
306
467
178
166
25
197
40
39
213
333
118
74
35
207
61
182
305
190
47
45
103
41
55
139
266
226
135
123
100
98
59
478
164
176
131
365
68
165
110
370
87
68
206
65
40
53
71
65
384
76
36
68
285
463
369
184
181
198
93
165
185
270
84
201
26
94
67
356
40
157
168
345
97
98
73
186
78
29
323
46
135
161
177
102
53
26
243
140
195
54
141
253
104
41
163
279
34
350
306
355
99
195
51
30
449
340
223
225
153
253
228
154
165
254
112
102
100
26
74
67
48
25
218
242
181
64
48
405
183
197
68
28
500
448
218
41
165
135
62
273
159
142
105
159
69
196
327
183
35
187
162
61
155
102
64
43
39
31
65
35
176
57
45
124
68
175
81
25
146
26
188
66
174
268
42
344
326
204
79
67
178
33
183
212
164
142
81
31
73
66
104
28
231
69
123
55
179
98
213
254
66
75
123
110
138
25
618
176
34
39
191
52
140
220
51
142
245
25
108
229
168
51
52
31
156
30
71
94
72
160
205
72
88
158
197
251
60
366
103
206
204
227
82
92
264
143
57
40
283
132
237
72
44
47
30
95
33
147
28
67
49
184
62
212
43
252
91
145
30
28
241
325
190
91
243
79
108
337
110
365
252
207
85
110
319
188
65
104
121
104
57
135
195
151
314
124
59
48
37
614
161
103
43
100
169
82
107
236
63
57
31
189
94
134
221
73
35
288
50
50
26
28
31
55
137
76
231
41
266
140
252
56
171
184
47
299
39
74
75
185
306
56
66
87
134
176
152
187
93
62
135
155
199
195
212
57
50
28
51
54
57
149
240
339
54
148
149
37
36
141
322
36
90
149
163
123
128
33
240
88
98
212
25
153
82
215
125
68
113
328
212
287
185
214
56
37
369
45
175
26
489
91
110
49
57
76
233
72
154
105
271
52
67
139
66
256
311
33
188
139
310
88
670
45
34
172
277
95
91
182
174
102
124
85
58
152
251
132
301
52
114
123
68
46
145
133
96
66
358
116
176
46
115
85
255
142
111
327
115
141
186
220
204
225
41
165
72
64
157
64
41
298
55
163
137
80
169
35
382
36
29
153
207
326
110
57
126
51
61
45
80
94
155
281
37
201
64
38
207
102
74
34
78
43
163
460
207
56
166
87
60
321
39
78
232
188
186
88
88
78
30
84
59
127
45
61
238
60
157
43
145
317
77
48
117
333
245
258
95
324
329
34
51
199
270
128
105
212
42
188
94
68
162
109
109
43
41
426
98
32
172
174
232
138
281
35
94
57
95
50
174
64
172
58
382
381
342
195
205
71
132
66
123
32
181
155
201
91
204
226
169
93
153
84
263
123
97
136
300
187
350
106
107
48
90
95
170
429
41
137
57
305
111
135
228
99
326
222
76
40
41
70
213
174
35
63
148
184
53
86
38
288
115
79
34
53
37
100
102
256
62
253
80
82
38
31
84
31
154
247
28
117
80
261
123
161
52
44
100
110
205
233
197
71
105
92
176
55
62
66
50
120
362
37
234
70
233
49
161
34
139
64
38
52
96
134
277
163
202
150
296
92
73
45
206
150
83
130
27
115
47
184
114
77
198
69
86
280
65
54
88
343
67
190
44
338
51
71
29
341
164
137
44
71
230
301
30
273
115
222
71
112
366
194
188
149
267
53
95
344
76
42
41
173
157
144
529
101
93
52
220
146
40
115
56
258
456
28
54
155
378
146
248
188
79
26
129
231
55
412
333
32
191
139
119
242
76
111
35
93
53
39
373
129
132
238
39
155
244
31
106
440
28
135
226
104
159
154
26
158
28
180
204
25
156
127
197
53
127
235
60
53
56
155
198
56
98
236
347
174
163
268
644
295
51
125
80
181
25
173
55
119
117
52
80
71
175
25
254
76
49
90
219
90
260
383
385
35
90
100
53
62
533
222
47
83
46
27
41
34
110
160
210
151
30
167
106
158
246
51
103
177
329
128
65
123
51
201
215
145
88
69
164
98
62
157
112
61
60
296
53
32
205
145
59
64
36
43
248
231
137
99
485
462
91
190
25
88
105
104
43
73
140
556
74
162
29
194
49
82
64
189
235
326
163
105
84
48
84
243
53
102
60
78
104
147
223
216
224
255
42
112
249
36
130
211
60
158
119
215
224
130
182
164
156
193
272
49
143
38
141
168
153
197
57
396
166
45
75
231
63
314
26
62
38
195
345
53
389
266
196
44
196
99
82
137
90
256
40
211
276
281
228
68
128
55
37
67
134
204
59
49
59
105
83
59
422
44
378
47
338
43
425
50
335
94
52
186
64
105
56
48
79
55
204
202
130
49
292
35
46
133
74
148
329
171
373
102
375
28
98
170
220
57
99
207
262
81
25
177
45
57
91
189
77
317
138
203
27
71
109
106
44
33
233
105
179
43
42
252
87
330
55
41
238
160
125
48
208
254
227
111
154
27
298
47
60
151
40
66
74
80
159
80
230
63
32
46
106
86
52
140
31
186
149
156
253
124
168
108
54
84
101
167
240
188
59
172
64
234
158
134
211
441
83
39
169
59
97
221
51
178
85
118
235
115
96
391
34
42
172
27
176
112
189
41
126
93
30
29
51
343
201
84
60
158
155
79
262
156
33
245
34
57
64
225
102
40
48
107
384
91
118
203
70
31
97
155
181
54
27
58
40
118
82
132
244
95
31
135
349
151
90
119
73
74
148
83
244
161
218
50
56
101
198
116
30
47
190
48
120
161
98
137
167
38
121
149
101
26
185
74
155
39
61
44
79
155
72
45
267
84
34
52
77
237
51
150
115
63
180
112
33
276
329
32
292
76
34
114
59
128
38
155
179
29
44
66
58
112
143
155
207
149
146
124
58
401
143
390
55
37
55
44
161
46
32
228
27
137
156
288
42
31
86
33
217
164
100
34
52
54
114
48
168
178
188
81
204
67
194
98
111
69
106
32
163
165
25
300
91
185
129
125
162
128
112
111
278
495
84
54
137
128
193
130
42
42
68
159
143
202
229
133
75
158
135
264
211
136
535
82
51
75
58
95
69
94
104
51
157
154
309
140
57
75
32
63
130
131
140
164
488
143
106
35
71
92
58
124
393
34
47
152
51
143
139
64
157
138
256
191
167
111
109
320
227
130
120
75
41
27
43
217
95
25
123
132
26
47
137
71
74
109
187
40
25
99
129
195
52
170
58
354
80
253
32
229
116
153
46
99
204
63
45
103
44
123
298
128
119
403
371
209
29
250
66
110
205
168
133
189
116
90
188
71
123
56
196
342
266
45
110
42
179
98
73
210
87
36
133
219
293
251
101
101
236
47
169
91
76
127
53
174
146
52
95
145
110
199
79
82
65
45
387
45
25
242
28
113
103
84
70
146
48
165
289
199
76
62
61
153
42
37
185
50
73
114
156
125
146
88
34
155
29
270
122
440
35
305
37
199
129
266
82
83
50
69
129
95
93
49
299
157
27
168
149
113
61
132
122
192
39
107
123
304
171
189
44
87
173
52
185
67
171
293
127
111
85
43
147
141
133
203
83
99
30
177
88
118
28
161
177
34
110
163
92
51
181
191
143
239
141
114
26
118
77
200
79
224
37
132
123
48
135
124
285
188
103
170
266
264
245
121
217
29
38
300
212
299
98
186
113
66
84
88
81
279
199
94
180
196
272
158
33
121
167
143
85
32
109
26
75
66
198
44
302
62
133
150
30
73
52
61
288
128
94
195
134
79
143
78
97
143
85
57
405
267
56
38
53
98
38
198
163
151
25
49
387
96
59
63
108
142
42
68
229
74
155
32
168
67
77
158
229
59
32
576
43
219
195
195
104
195
252
392
48
49
101
36
152
33
108
77
111
178
167
93
182
149
123
186
70
88
50
219
44
252
104
66
113
117
65
106
73
90
82
109
247
116
25
27
183
43
53
198
168
28
102
100
125
37
60
156
77
51
231
43
54
325
132
81
156
79
59
158
105
114
35
44
38
29
118
32
198
97
86
92
183
95
40
107
26
235
28
43
32
113
164
58
70
26
55
261
46
27
52
63
168
65
215
42
43
80
227
94
74
236
186
81
62
246
29
131
151
82
106
56
76
332
153
221
46
131
99
136
51
146
68
62
403
60
69
140
234
30
32
145
99
60
74
245
350
171
161
241
81
121
177
272
263
157
116
69
178
103
168
126
125
54
74
82
25
74
125
443
34
111
165
87
112
226
62
152
133
222
336
151
46
429
47
441
105
122
147
97
90
279
633
95
98
110
78
82
100
154
47
82
98
217
308
48
59
74
27
83
62
85
