1544
1370
1409
1966
1556
1540
1108
762
1406
1647
1136
1296
1626
1534
1311
968
1364
1702
1266
1138
1112
1409
1697
1286
1082
1674
1148
1516
710
1600
821
1288
1738
1297
1482
821
1205
1309
966
1493
1195
1483
1358
1710
1893
628
936
1249
1539
1151
1145
1058
1480
1253
1026
2167
1538
755
784
1640
1609
1366
1045
1027
1299
1085
1306
1537
929
1404
984
1029
1026
1022
1155
1490
1955
1427
1088
961
1203
148
206
1018
743
293
1310
1236
1820
1453
1490
1341
1364
1354
1534
1273
1314
1279
1174
1324
1452
1377
1156
1767
629
1600
1374
1571
1801
1182
1225
1561
746
1536
803
1322
1258
1700
1327
1123
1314
700
1193
1433
1082
771
1089
948
1625
1187
1514
1123
1393
1959
962
1413
1652
1307
1813
992
1567
963
1653
1303
959
1461
1687
1452
1092
1347
1904
576
1370
1050
1313
1720
1311
316
901
1087
1571
1529
1073
1393
1413
1329
452
1018
1153
1296
1410
1355
728
1005
1336
1122
1119
2146
1112
1218
1305
505
1170
1195
1010
807
594
702
943
1491
1225
987
946
1206
1164
1527
1218
799
1070
1249
1413
1582
1216
1697
1447
1085
1087
1197
1541
1375
1342
1173
1207
1423
898
1445
1381
1218
1251
1063
1200
1116
1506
1295
1151
1242
765
1074
1388
1122
1679
1389
1186
1237
1114
1133
1505
1096
1101
1427
1351
1228
1102
1279
1609
1394
1246
1339
1367
644
915
1312
1231
1351
1264
1406
1247
1461
1275
1330
1188
1112
1063
1292
1220
907
888
1142
1158
1324
967
1648
1286
994
1354
1319
1080
986
795
927
1272
1040
767
1656
832
1138
1325
1102
1138
1083
793
1234
1298
1409
752
1216
1388
1080
1206
1107
945
687
1024
1124
1185
1150
1367
879
1537
1389
1313
1686
1834
1528
1203
1113
957
1130
1180
1319
1464
1556
1411
1391
1652
1010
1277
1548
1474
1268
1470
1248
1344
1679
935
1429
1071
1594
1213
1248
1627
1126
1283
976
953
1023
1327
1432
1413
1538
1321
1169
1615
805
1447
1296
1308
1458
1306
1099
1644
1522
1250
1368
1498
1247
1565
1499
1184
1454
1321
1735
1298
1276
1129
794
1141
1557
1176
1439
1143
1256
1620
1079
1209
1055
1071
1223
1451
1166
1754
1245
1108
813
1035
1351
1194
1451
1264
1378
1156
1207
1138
1005
1233
842
1817
1325
1135
947
1139
1656
1861
1628
1257
1357
1049
941
1338
1549
921
883
1154
1300
1129
1556
1270
1185
818
1320
928
1219
1658
936
973
1548
1140
1493
1443
1701
1622
1572
1584
1660
1263
1249
1230
1286
1197
1444
1437
1338
1454
1367
1560
1727
1549
1735
1254
1363
916
1060
1419
1880
1834
1524
1098
1358
1705
1225
1177
1476
1040
1308
1091
1227
1346
1394
1191
1208
1291
1398
1200
1590
1464
1206
1445
1141
915
952
1334
1533
1222
1157
1124
899
1282
976
1476
989
958
728
1031
1233
1041
1065
951
1351
840
1201
1202
2071
1303
1159
1332
1466
1334
1635
1273
1252
1429
1339
1055
1578
1146
1181
1222
1439
1345
974
1371
1602
1535
1172
1220
1509
1532
1460
1488
1553
1672
1229
1505
1421
1614
1200
1180
1133
767
964
1246
1365
420
1674
1561
1546
1423
1206
1494
1255
1777
1473
671
1140
1329
1388
1318
1437
1159
835
1306
1675
1435
1419
1228
1603
1604
1145
1359
1526
1291
1285
1314
1250
1214
1783
797
1674
1278
1116
1062
1287
1140
1435
1134
1098
1228
1427
1130
1181
1192
807
983
1278
894
1466
1199
864
1113
1095
1286
1413
1154
1341
1615
1017
1267
987
999
1072
1438
1184
1135
1567
1430
1311
1326
1229
1320
1374
1078
1181
1340
1083
1272
1037
1060
1390
1416
1064
1642
1264
1539
1185
1464
1602
1305
1565
1579
1529
1530
1051
1493
1568
1094
1052
779
1474
1393
867
1274
1460
986
1753
1330
1032
1234
983
1042
939
1240
1354
1574
1428
1282
1350
1321
1568
1554
1355
1710
2035
1405
1598
1315
1298
452
409
487
380
631
363
506
444
385
463
471
1225
1386
1649
968
1381
1354
1456
1581
1442
1208
1363
1274
1391
1241
1377
1746
1609
1669
1332
1537
1236
1028
1202
1343
1650
1223
1230
1295
676
1534
1487
1334
1294
1192
1142
1322
1199
1255
1413
1597
1729
1060
1156
1223
1226
1718
1333
1283
1984
1353
1315
879
1493
